uid
uid
87648
91560
85216
94318
91511
90911
91993
90015
92003
89833
93708
91582
91729
92103
75779
45684
55652
90507
60263
21108
91774
91307
89821
90921
51035
87552
87631
94263
92998
91609
86899
91010
91985
93088
92369
26150
94157
88580
75949
91561
92974
92056
91505
87866
92109
85343
92083
88433
87565
91715
91941
90969
92912
77705
94415
91517
92074
92555
91054
19416
90006
92048
87295
23146
74504
36803
50383
93680
91555
91219
87482
91503
91321
88309
15124
92811
89057
91322
91576
88400
91516
91318
70374
87614
90835
91577
91544
92458
91556
53961
86066
91619
92102
14222
90385
92697
91510
91088
85400
91552
21442
92067
93536
88474
93647
91457
88122
92063
89940
92485
90437
89849
89949
91506
94338
91851
80757
91554
77146
92104
87927
49080
92436
35986
62103
90014
19036
90719
85150
90348
91546
91617
