87648 600
91560 600
85216 600
91511 600
87695 600
90911 600
91993 600
90015 600
92003 600
89833 600
91729 600
92103 600
75779 600
45684 600
55652 600
90507 600
60263 600
21108 600
91774 600
91307 600
89821 600
90921 600
51035 600
87144 600
87552 600
87631 600
91609 600
86899 600
91010 600
91985 600
93088 600
92369 600
26150 600
88580 600
91561 600
92974 600
92056 600
91505 600
87866 600
92109 600
91329 600
91546 600
85343 600
92083 600
88433 600
87565 600
91715 600
91941 600
90969 600
77705 600
91517 600
92074 600
92555 600
92687 600
91054 600
19416 600
90006 600
90348 600
92048 600
87295 600
23146 600
74504 600
86520 600
36803 600
50383 600
93680 600
91555 600
91219 600
87482 600
91503 600
91321 600
88309 600
15124 600
92811 600
89057 600
91322 600
91576 600
88400 600
91558 600
82089 600
91516 600
91318 600
87614 600
90835 600
91577 600
91544 600
92458 600
91556 600
53961 600
86066 600
85141 600
91619 600
92102 600
14222 600
90385 600
92697 600
91510 600
91088 600
85400 600
91552 600
21442 600
92067 600
87211 600
88474 600
93647 600
62103 600
91457 600
92063 600
89940 600
92485 600
90437 600
89849 600
89949 600
91506 600
64263 600
92389 600
91851 600
80757 600
91554 600
77146 600
63528 600
92104 600
87927 600
49080 600
92436 600
91227 600
35986 600
90014 600
19036 600
90395 600
90719 600
85150 600
91617 600
